[2.JPG]
filters=finetune2=1,0.000000,0.112281,0.058947,00000000,0.000000;autolight=1;enhance=1;
moddate=88b5997cac49d301
width=4608
height=3072
textactive=0
[1.jpg]
filters=finetune2=1,0.000000,0.109474,0.005614,00000000,0.000000;autolight=1;
moddate=033dc5acac49d301
width=600
height=400
textactive=0
